A0 A0 A0 A0 A0 A0 A0 A0 A0 A0 A0 A0 A0 A0 C4 C9 D3 CB A0 C9 CD C1 C7 C5 D3 A0 A0 A0 A0 A0 A0 A0 A0 A0 A0 A0 A0 A0 A0 A0
19 48 6F 73 74 3A 61 70 70 73 2E 69 72 61 74 61 2E 6F 6E 6C 69 6E 65 20 20 20 20 20 20 20 20 20 20 20 20 20 20 20 20 99
19 50 61 74 68 3A 2F 41 74 61 72 69 5F 38 2D 62 69 74 2F 47 61 6D 65 73 2F 20 20 20 20 20 20 20 20 20 20 20 20 20 20 99
17 12 12 12 12 12 12 12 12 12 12 12 12 12 12 12 12 12 12 12 12 12 12 12 12 12 12 12 12 12 12 12 12 12 12 12 12 12 12 18
19 00 43 53 53 2D 43 72 61 63 6B 73 65 74 2D 32 35 30 32 31 39 20 20 20 20 20 20 20 20 20 20 20 20 20 20 20 20 20 20 99
19 00 48 69 67 68 20 53 63 6F 72 65 20 45 6E 61 62 6C 65 64 20 20 20 20 20 20 20 20 20 20 20 20 20 20 20 20 20 20 20 99
19 20 33 44 2D 54 69 63 2D 54 61 63 2D 54 6F 65 2E 61 74 72 20 20 20 20 20 20 20 20 20 20 20 20 20 20 20 20 20 20 20 99
19 20 43 68 6F 6D 70 5B 42 41 53 49 43 5D 2E 61 74 72 20 20 20 20 20 20 20 20 20 20 20 20 20 20 20 20 20 20 20 20 20 99
19 20 6C 69 67 68 74 63 79 63 6C 65 73 2E 61 74 72 20 20 20 20 20 20 20 20 20 20 20 20 20 20 20 20 20 20 20 20 20 20 99
19 20 50 6F 50 5F 44 44 5F 32 30 32 31 30 36 31 30 2E 61 74 72 20 20 20 20 20 20 20 20 20 20 20 20 20 20 20 20 20 20 99
81 1C 1D 82 CD EF F6 E5 81 3C 82 D5 F0 81 4E 82 CE E5 F7 81 52 65 74 82 D3 E5 EC E5 E3 F4 81 45 53 43 82 C5 F8 E9 F4 A0
